0000000000000000
0000011001000111
0000110010001011
0001001011000111
0001100011111000
0001111100011001
0010010100100111
0010101100011110
0011000011111011
0011011010111001
0011110001010110
0100000111001101
0100011100011100
0100110000111111
0101000100110011
0101010111110100
0101101010000001
0101111011010110
0110001011110001
0110011011001110
0110101001101100
0110110111001001
0111000011100001
0111001110110101
0111011001000000
0111100010000011
0111101001111100
0111110000101001
0111110110001001
0111111010011100
0111111101100001
0111111111010111
0111111111111111
0111111111010111
0111111101100001
0111111010011100
0111110110001001
0111110000101001
0111101001111100
0111100010000011
0111011001000000
0111001110110101
0111000011100001
0110110111001001
0110101001101100
0110011011001110
0110001011110001
0101111011010110
0101101010000001
0101010111110100
0101000100110011
0100110000111111
0100011100011100
0100000111001101
0011110001010110
0011011010111001
0011000011111011
0010101100011110
0010010100100111
0001111100011001
0001100011111000
0001001011000111
0000110010001011
0000011001000111
0000000000000000
1111100110111001
1111001101110101
1110110100111001
1110011100001000
1110000011100111
1101101011011001
1101010011100010
1100111100000101
1100100101000111
1100001110101010
1011111000110011
1011100011100100
1011001111000001
1010111011001101
1010101000001100
1010010101111111
1010000100101010
1001110100001111
1001100100110010
1001010110010100
1001001000110111
1000111100011111
1000110001001011
1000100111000000
1000011101111101
1000010110000100
1000001111010111
1000001001110111
1000000101100100
1000000010011111
1000000000101001
1000000000000001
1000000000101001
1000000010011111
1000000101100100
1000001001110111
1000001111010111
1000010110000100
1000011101111101
1000100111000000
1000110001001011
1000111100011111
1001001000110111
1001010110010100
1001100100110010
1001110100001111
1010000100101010
1010010101111111
1010101000001100
1010111011001101
1011001111000001
1011100011100100
1011111000110011
1100001110101010
1100100101000111
1100111100000101
1101010011100010
1101101011011001
1110000011100111
1110011100001000
1110110100111001
1111001101110101
1111100110111001
